smote_ratio	rus_ratio	filter_kernel	precision	recall	f1-score
0.05		1.0		    3		0.29		0.67	0.41
0.05		0.75		3		0.37		0.64	0.47
0.05		0.5		    3		0.47		0.61	0.53
0.05		0.25		3		0.62		0.53	0.57
0.05		0.25		5		0.72		0.52	0.60
0.10		0.5		    5		0.63		0.53	0.57
0.05		0.25		5		0.71		0.51	0.60	(ICA)
0.5		   1.00		    5		0.70		0.42	0.52	(ICA)
0.5		   1.00		    5		0.71		0.43	0.54
0.1		   0.25	       	5		0.74		0.45	0.56
0.1		   0.25	       	5		0.78		0.48	0.60	(ICA)
0.25		0.25		5		0.86		0.34	0.48	(ICA)
0.1		   0.25	       	3		0.68		0.49	0.57	(ICA)